0	2
1	2
2	2
3	2
4	4
5	0
6	2
7	2
8	2
9	4
10	0
11	4
12	2
13	0
14	2
15	2
16	2
17	4
18	2
19	2
20	2
21	0
22	2
23	2
24	2
25	4
26	2
27	2
28	2
29	0
30	4
31	2
32	2
33	2
34	2
35	0
36	4
37	2
38	2
39	2
40	2
41	2
42	2
43	2
44	2
45	2
46	4
47	0
48	2
49	2
50	2
51	2
52	2
53	4
54	2
55	2
56	0
57	2
58	2
59	2
60	4
61	2
62	0
63	2
64	4
65	2
66	2
67	2
68	0
69	4
70	0
71	2
72	4
73	2
74	2
75	2
76	0
77	4
78	2
79	2
80	2
81	2
82	2
83	2
84	2
85	2
86	2
87	3
88	1
89	2
90	4
91	0
92	2
93	4
94	0
95	2
96	2
97	2
98	2
99	4
100	2
101	2
102	2
103	0
104	2
105	4
106	0
107	4
108	2
109	2
110	2
111	2
112	0
113	2
114	4
115	2
116	2
117	2
118	2
119	2
120	0
121	4
122	2
123	2
124	2
125	2
126	2
127	2
128	2
129	2
130	3
131	1
132	2
133	4
134	0
135	2
136	2
137	2
138	4
139	0
140	4
141	2
142	0
143	2
144	2
145	2
146	4
147	2
148	2
149	2
150	0
151	4
152	2
153	0
154	4
155	2
156	0
157	4
158	2
159	2
160	2
161	2
162	2
163	2
164	2
165	2
166	2
167	2
168	4
169	0
170	2
171	2
172	2
173	2
174	4
175	2
176	0
177	2
178	2
179	2
180	2
181	2
182	4
183	2
184	2
185	0
186	2
187	4
188	2
189	0
190	2
191	3
192	1
193	4
194	2
195	2
196	2
197	0
198	4
199	2
200	2
201	2
202	2
203	2
204	2
205	2
206	2
207	2
208	2
209	2
210	2
211	2
212	2
213	2
214	2
215	2
216	4
217	0
218	2
219	2
220	3
221	3
222	2
223	0
224	2
225	2
226	2
227	2
228	4
229	2
230	2
231	2
232	0
233	2
234	2
235	4
236	2
237	2
238	2
239	2
240	2
241	0
242	4
243	2
244	2
245	2
246	2
247	2
248	2
249	2
250	2
251	4
252	0
253	2
254	2
255	2
256	2
257	2
258	2
259	4
260	0
261	2
262	4
263	0
264	2
265	2
266	2
267	4
268	2
269	2
270	2
271	0
272	2
273	4
274	0
275	4
276	2
277	2
278	2
279	0
280	4
281	2
282	2
283	2
284	0
285	4
286	2
287	2
288	2
289	2
290	2
291	2
292	2
293	2
294	2
295	2
296	2
297	2
298	2
299	2
300	2
301	2
302	2
303	4
304	2
305	0
306	2
307	2
308	2
309	2
310	4
311	2
312	0
313	2
314	4
315	2
316	2
317	2
318	0
319	4
320	2
321	0
322	4
323	2
324	2
325	2
326	1
327	3
328	0
329	4
330	2
331	2
332	2
333	2
334	2
335	2
336	2
337	2
338	2
339	2
340	4
341	0
342	2
343	4
344	0
345	2
346	2
347	2
348	2
349	2
350	4
351	2
352	0
353	2
354	2
355	2
356	2
357	4
358	2
359	2
360	2
361	2
362	0
363	2
364	4
365	2
366	2
367	2
368	2
369	2
370	2
371	2
372	2
373	2
374	2
375	2
376	2
377	2
378	2
379	2
380	4
381	0
382	2
383	4
384	0
385	2
386	2
387	2
388	4
389	2
390	2
391	0
392	2
393	2
394	2
395	2
396	4
397	2
398	2
399	2
400	0
401	2
402	4
403	0
404	4
405	2
406	0
407	4
408	2
409	2
410	2
411	2
412	2
413	2
414	1
415	3
416	2
417	2
418	2
419	2
420	2
421	2
422	2
423	2
424	4
425	2
426	0
427	2
428	2
429	2
430	2
431	4
432	2
433	2
434	2
435	0
436	2
437	4
438	2
439	0
440	4
441	0
442	2
443	4
444	2
445	2
446	2
447	0
448	4
449	2
450	0
451	4
452	2
453	2
454	2
455	2
456	2
457	2
458	2
459	2
460	2
461	4
462	0
463	2
464	2
465	2
466	2
467	2
468	2
469	2
470	2
471	4
472	2
473	2
474	0
475	2
476	2
477	2
478	4
479	2
480	2
481	2
482	0
483	4
484	0
485	2
486	4
487	2
488	2
489	2
490	2
491	0
492	2
493	4
494	2
495	2
496	2
497	2
498	2
499	2
500	2
501	2
502	2
503	2
504	2
505	2
506	2
507	2
508	2
509	2
510	4
511	2
512	0
513	2
514	2
515	2
516	2
517	4
518	2
519	2
520	2
521	0
522	2
523	2
524	2
525	4
526	2
527	2
528	2
529	2
530	0
531	4
532	2
533	0
534	4
535	2
536	2
537	2
538	2
539	2
540	2
541	2
542	2
543	2
544	2
545	4
546	0
547	2
548	2
549	2
550	2
551	2
552	4
553	0
554	2
555	4
556	0
557	2
558	2
559	2
560	4
561	2
562	0
563	2
564	4
565	2
566	2
567	2
568	2
569	0
570	2
571	4
572	2
573	2
574	2
575	2
576	2
577	2
578	2
579	1
580	3
581	2
582	2
583	2
584	2
585	2
586	2
587	2
588	3
589	3
590	0
591	2
592	2
593	3
594	3
595	0
596	2
597	2
598	2
599	4
600	0
601	4
602	2
603	0
604	2
605	2
606	2
607	4
608	2
609	2
610	2
611	0
612	4
613	2
614	0
615	4
616	2
617	2
618	2
619	2
620	2
621	2
622	1
623	3
624	2
625	2
626	2
627	2
628	2
629	2
630	2
631	4
632	2
633	0
634	2
635	2
636	2
637	2
638	4
639	2
640	1
641	3
642	0
643	2
644	2
645	2
646	4
647	2
648	2
649	2
650	0
651	2
652	2
653	4
654	2
655	2
656	2
657	0
658	4
659	2
660	2
661	2
662	0
663	4
664	2
665	2
666	3
667	1
668	2
669	2
670	2
671	2
672	2
673	4
674	0
675	2
676	4
677	0
678	2
679	2
680	2
681	4
682	2
683	0
684	4
685	0
686	2
687	4
688	2
689	0
690	2
691	2
692	3
693	3
694	2
695	2
696	2
697	2
698	1
699	1
700	4
701	2
702	2
703	2
704	2
705	2
706	2
707	2
708	2
709	4
710	0
711	2
712	2
713	2
714	2
715	2
716	2
717	4
718	0
719	2
720	4
721	0
722	4
723	2
724	0
725	2
726	2
727	2
728	4
729	2
730	2
731	2
732	2
733	0
734	3
735	1
736	4
737	2
738	2
739	2
740	0
741	4
742	2
743	0
744	4
745	2
746	2
747	2
748	2
749	2
750	2
751	2
752	2
753	4
754	0
755	2
756	2
757	2
758	2
759	2
760	4
761	2
762	0
763	2
764	2
765	2
766	2
767	4
768	1
769	3
770	2
771	0
772	2
773	2
774	2
775	4
776	2
777	2
778	2
779	2
780	0
781	4
782	2
783	0
784	4
785	2
786	0
787	4
788	2
789	2
790	2
791	2
792	2
793	2
794	2
795	2
796	2
797	4
798	0
799	2
800	2
801	2
802	4
803	1
804	1
805	4
806	0
807	2
808	2
809	2
810	4
811	2
812	0
813	4
814	2
815	2
816	2
817	2
818	0
819	2
820	2
821	4
822	2
823	2
824	2
825	2
826	2
827	0
828	4
829	2
830	2
831	2
832	2
833	2
834	2
835	2
836	2
837	2
838	4
839	0
840	2
841	2
842	2
843	2
844	4
845	0
846	2
847	2
848	2
849	4
850	2
851	2
852	2
853	0
854	2
855	2
856	2
857	4
858	2
859	2
860	2
861	0
862	3
863	3
864	0
865	4
866	2
867	2
868	2
869	0
870	4
871	2
872	2
873	2
874	2
875	2
876	2
877	2
878	2
879	2
880	2
881	2
882	4
883	0
884	2
885	2
886	2
887	2
888	2
889	4
890	2
891	2
892	0
893	2
894	2
895	2
896	4
897	2
898	2
899	2
900	2
901	0
902	2
903	2
904	4
905	2
906	2
907	0
908	4
909	2
910	2
911	2
912	2
913	2
914	2
915	2
916	2
917	2
918	2
919	2
920	2
921	2
922	2
923	2
924	2
925	2
926	4
927	0
928	2
929	2
930	2
931	4
932	0
933	4
934	2
935	0
936	2
937	4
938	2
939	0
940	2
941	2
942	4
943	2
944	2
945	2
946	2
947	2
948	0
949	2
950	4
951	2
952	2
953	2
954	2
955	0
956	4
957	2
958	2
959	2
960	2
961	2
962	2
963	2
964	2
965	2
966	2
967	4
968	0
969	2
970	4
971	1
972	1
973	4
974	0
975	2
976	2
977	2
978	4
979	2
980	2
981	2
982	0
983	2
984	4
985	0
986	4
987	2
988	2
989	2
990	2
991	2
992	2
993	2
994	2
995	2
996	2
997	2
998	2
999	2
