0	26972904
1	26966504
2	26949712
3	26975832
4	26990028
5	26967668
6	26943388
7	26985888
8	26953520
9	26969700
10	26982632
11	26969704
12	26952436
13	26966232
14	26990444
15	26944552
16	26988944
17	26972628
18	26950800
19	26969704
20	26969704
21	26969704
22	26955288
23	26987316
24	26945160
25	26969436
26	26997852
27	26963040
28	26947944
29	26982632
30	26961740
31	26974464
32	26961208
33	26963040
34	26994528
35	26976168
36	26925156
37	26972968
38	26990788
39	26955084
40	26980588
41	26966236
42	26966240
43	26978676
44	26966504
45	26943936
46	26997856
47	26942168
48	26976168
49	26983576
50	26956644
51	26968888
52	26963588
53	26975820
54	26950260
55	27002076
56	26969704
57	26928420
58	26976168
59	26986436
60	26972628
61	26950048
62	26979228
63	26966644
64	26976168
65	26946308
66	26966240
67	26994656
68	26963040
69	26956384
70	26982484
71	26956924
72	26969156
73	26976716
74	26963236
75	26952364
76	26963044
77	27006628
78	26934892
79	26995200
80	26959844
81	26954064
82	26972968
83	26972904
84	26965012
85	26980860
86	26951616
87	26966240
88	26988260
89	26966240
90	26954272
91	26966504
92	26981128
93	26967944
94	26954940
95	26975832
96	26984800
97	26969704
98	26938152
99	26969704
100	26997248
101	26951824
102	26977452
103	26963040
104	26963040
105	26963040
106	26981944
107	26982632
108	26924540
109	27010648
110	26935904
111	26972904
112	26980312
113	26963036
114	26972636
115	26966236
116	26979228
117	26946852
118	26995752
119	26971536
120	26929856
121	26982632
122	26983028
123	26956644
124	26969436
125	26969704
126	26976168
127	26956036
128	26953444
129	27006092
130	26964400
131	26943392
132	26989080
133	26956792
134	26972968
135	26963240
136	26969700
137	26955696
138	26966240
139	27000100
140	26928428
141	27008196
142	26953448
143	26960392
144	26969704
145	26976168
146	26972904
147	26958412
148	26984260
149	26941820
150	26963040
151	27001052
152	26969440
153	26948012
154	26960040
155	26984260
156	26968076
157	26958004
158	26966240
159	26984864
160	26969704
161	26947816
162	26969704
163	26987516
164	26955092
165	26970988
166	26963040
167	26963040
168	26981808
169	26979368
170	26940732
171	27001052
172	26932508
173	26969704
174	26986908
175	26972632
176	26959236
177	26966844
178	26979092
179	26956584
180	26979556
181	26972968
182	26944552
183	26969704
184	26989624
185	26959844
186	26969368
187	26956712
188	26985896
189	26966500
190	26949516
191	26963040
192	27007444
193	26966240
194	26933864
195	26985820
196	26960112
197	26972364
198	26970244
199	26979432
200	26952232
201	26963040
202	26993840
203	26938088
204	26992008
205	26969436
206	26960592
207	26969704
208	26969704
209	26955356
210	26984048
211	26945228
212	26963040
213	27010644
214	26963040
215	26941416
216	26972968
217	26974736
218	26964668
219	26971000
220	26956648
221	26987928
222	26972968
223	26938084
224	26969704
225	26990924
226	26948484
227	26980792
228	26969432
229	26966240
230	26966240
231	26985208
232	26963236
233	26950264
234	26991460
235	26945500
236	26969700
237	26983516
238	26969436
239	26953444
240	26966236
241	26985552
242	26950120
243	26992552
244	26968344
245	26945972
246	26959976
247	26986372
248	26972628
249	26963040
250	26976168
251	26963240
252	26949712
253	26975828
254	26990032
255	26967664
256	26943392
257	26985888
258	26953520
259	26969704
260	26982628
261	26969704
262	26952432
263	26966240
264	26990436
265	26947820
266	26982476
267	26975832
268	26950800
269	26969704
270	26969704
271	26969704
272	26955284
273	26987388
274	26948288
275	26966236
276	26997856
277	26963040
278	26947944
279	26982632
280	26964936
281	26971208
282	26961268
283	26963040
284	26997792
285	26972904
286	26925224
287	26972904
288	26993980
289	26951892
290	26980584
291	26966240
292	26966236
293	26978680
294	26966440
295	26943996
296	26997860
297	26945428
298	26969640
299	26986840
300	26956644
301	26968892
302	26963580
303	26975828
304	26950252
305	27002080
306	26969704
307	26931688
308	26972904
309	26986428
310	26969436
311	26953244
312	26979232
313	26963376
314	26979432
315	26946312
316	26969436
317	26991456
318	26963040
319	26956384
320	26982488
321	26956920
322	26969160
323	26976708
324	26963240
325	26949168
326	26969436
327	27003436
328	26934884
329	26995212
330	26959840
331	26954060
332	26972904
333	26972968
334	26965016
335	26984052
336	26948424
337	26966236
338	26988260
339	26969436
340	26951072
341	26969708
342	26977936
343	26971132
344	26951748
345	26975828
346	26984800
347	26969704
348	26934884
349	26976168
350	26994052
351	26951820
352	26977456
353	26963040
354	26963040
355	26963040
356	26981940
357	26979432
358	26930944
359	27007448
360	26935840
361	26972968
362	26980312
363	26963040
364	26975828
365	26963040
366	26979224
367	26946856
368	26995816
369	26971476
370	26929848
371	26982632
372	26983032
373	26959840
374	26966240
375	26969704
376	26976168
377	26952840
378	26956648
379	27006084
380	26964400
381	26940192
382	26989084
383	26960048
384	26972904
385	26960040
386	26976168
387	26955632
388	26963040
389	27000104
390	26928424
391	27008200
392	26956644
393	26953992
394	26972904
395	26976168
396	26972968
397	26958352
398	26984252
399	26941828
400	26963040
401	26997852
402	26969436
403	26951276
404	26963176
405	26981064
406	26968068
407	26958008
408	26966240
409	26984864
410	26969704
411	26947812
412	26969704
413	26987524
414	26951884
415	26974192
416	26963040
417	26963040
418	26985004
419	26976168
420	26940740
421	27001052
422	26932504
423	26969704
424	26986912
425	26972632
426	26962492
427	26966784
428	26979088
429	26953384
430	26979560
431	26972904
432	26944612
433	26969704
434	26989632
435	26959840
436	26969304
437	26959976
438	26982696
439	26966440
440	26949572
441	26963040
442	27007452
443	26966236
444	26933928
445	26988952
446	26960120
447	26972352
448	26967052
449	26979368
450	26952296
451	26963040
452	26993772
453	26938156
454	26992004
455	26972636
456	26957396
457	26969704
458	26969704
459	26955348
460	26984060
461	26945220
462	26963040
463	27010648
464	26963040
465	26938216
466	26976168
467	26974732
468	26964676
469	26974196
470	26953444
471	26987932
472	26972904
473	26938152
474	26969704
475	26990916
476	26948492
477	26980784
478	26966240
479	26969436
480	26966236
481	26985212
482	26963240
483	26950260
484	26991464
485	26945496
486	26972904
487	26983508
488	26963040
489	26956640
490	26966236
491	26982356
492	26950120
493	26995752
494	26968344
495	26949176
496	26956776
497	26989560
498	26969436
499	26963040
500	26966236
501	26959844
502	26983032
503	26982632
504	26929848
505	26971540
506	26995752
507	26946856
508	26979224
509	26963040
510	26975828
511	26963040
512	26980312
513	26972904
514	26935904
515	27010644
516	26924548
517	26982632
518	26981940
519	26966240
520	26959840
521	26963040
522	26977456
523	26951816
524	26997256
525	26969704
526	26938148
527	26969704
528	26984800
529	26975828
530	26954948
531	26967936
532	26977932
533	26969708
534	26954268
535	26963044
536	26991452
537	26969440
538	26948424
539	26980852
540	26965016
541	26972904
542	26972968
543	26954060
544	26956644
545	26998408
546	26934884
547	27006632
548	26966240
549	26949168
550	26963240
551	26976708
552	26969160
553	26956920
554	26982488
555	26956384
556	26963040
557	26994652
558	26966240
559	26946312
560	26976168
561	26966640
562	26979232
563	26953244
564	26969436
565	26989692
566	26972904
567	26928424
568	26969704
569	27002080
570	26950252
571	26975828
572	26963580
573	26968892
574	26956644
575	26983576
576	26976168
577	26942164
578	26997860
579	26943932
580	26966504
581	26978680
582	26966240
583	26966236
584	26980584
585	26955092
586	26990780
587	26972968
588	26925160
589	26976168
590	26994528
591	26963040
592	26964468
593	26971208
594	26961736
595	26982632
596	26947944
597	26963040
598	26997856
599	26969436
600	26941888
601	26990588
602	26955284
603	26969704
604	26969704
605	26969704
606	26950800
607	26972632
608	26988940
609	26944556
610	26990440
611	26966236
612	26952432
613	26969704
614	26982628
615	26969704
616	26953520
617	26985888
618	26940192
619	26967664
620	26993232
621	26975828
622	26949712
623	26966504
624	26972904
625	26963040
626	26972632
627	26983164
628	26963176
629	26945976
630	26968344
631	26992552
632	26953320
633	26982352
634	26966240
635	26953440
636	26969436
637	26983512
638	26969704
639	26948692
640	26988268
641	26950260
642	26963240
643	26985208
644	26966240
645	26966240
646	26969432
647	26980788
648	26948492
649	26990916
650	26969704
651	26938088
652	26972968
653	26991128
654	26953448
655	26970996
656	26964676
657	26974732
658	26972968
659	26941416
660	26963040
661	27010648
662	26963040
663	26945220
664	26980860
665	26958548
666	26969704
667	26972968
668	26957332
669	26969436
670	26992004
671	26941356
672	26990572
673	26963040
674	26952232
675	26979432
676	26967048
677	26975556
678	26960120
679	26985816
680	26933864
681	26966240
682	27007448
683	26963040
684	26949508
685	26966504
686	26985896
687	26956712
688	26969368
689	26959844
690	26989628
691	26969704
692	26941348
693	26976168
694	26979556
695	26953388
696	26982288
697	26966848
698	26959228
699	26975832
700	26983712
701	26969704
702	26932508
703	27001048
704	26940740
705	26979368
706	26981804
707	26963040
708	26963040
709	26970992
710	26955084
711	26987524
712	26969704
713	26947812
714	26969704
715	26981664
716	26969440
717	26958008
718	26968068
719	26984264
720	26960040
721	26951212
722	26966240
723	27001048
724	26963040
725	26941828
726	26984252
727	26961616
728	26969704
729	26976168
730	26972968
731	26953928
732	26956644
733	27008200
734	26928424
735	27000104
736	26963040
737	26958896
738	26969704
739	26963240
740	26972968
741	26956784
742	26989084
743	26943392
744	26964400
745	27006088
746	26953444
747	26956040
748	26976168
749	26969704
750	26966240
751	26959840
752	26983028
753	26982632
754	26929856
755	26974736
756	26992552
757	26946852
758	26979228
759	26963040
760	26975832
761	26963036
762	26980312
763	26972968
764	26935840
765	27007452
766	26930936
767	26979432
768	26981944
769	26963040
770	26963040
771	26963040
772	26977452
773	26955024
774	26990848
775	26976168
776	26934888
777	26969704
778	26984800
779	26975832
780	26954940
781	26967940
782	26977932
783	26969704
784	26951076
785	26969436
786	26988264
787	26966236
788	26948416
789	26984060
790	26965012
791	26972968
792	26972904
793	26954064
794	26959840
795	26995204
796	26934892
797	27003432
798	26969436
799	26949168
800	26963236
801	26976716
802	26969156
803	26956924
804	26982484
805	26956384
806	26963040
807	26991460
808	26966240
809	26949504
810	26976168
811	26966644
812	26979228
813	26953244
814	26969432
815	26986436
816	26972904
817	26931684
818	26969704
819	27002076
820	26950260
821	26975820
822	26963588
823	26968888
824	26956644
825	26986840
826	26972904
827	26942168
828	26997856
829	26947200
830	26963240
831	26978676
832	26966236
833	26969436
834	26977392
835	26955080
836	26990792
837	26972904
838	26928484
839	26969640
840	26997792
841	26963040
842	26961272
843	26971200
844	26964940
845	26982632
846	26947944
847	26963040
848	27001048
849	26966240
850	26945096
851	26987380
852	26955288
853	26969704
854	26966504
855	26972904
856	26950800
857	26972632
858	26988876
859	26944616
860	26990440
861	26966236
862	26952436
863	26969704
864	26982632
865	26969700
866	26953520
867	26985888
868	26943392
869	26967664
870	26990028
871	26975832
872	26949712
873	26966440
874	26972968
875	26963040
876	26969436
877	26989564
878	26960040
879	26945908
880	26968344
881	26995752
882	26950120
883	26982356
884	26966232
885	26953448
886	26969436
887	26983512
888	26969700
889	26945500
890	26991460
891	26950264
892	26963236
893	26985212
894	26966236
895	26969436
896	26963040
897	26983988
898	26948484
899	26990924
900	26969704
901	26938148
902	26972904
903	26987932
904	26953444
905	26974200
906	26964668
907	26974736
908	26976168
909	26938216
910	26963040
911	27010644
912	26963040
913	26945228
914	26984052
915	26955352
916	26969704
917	26969704
918	26957392
919	26972636
920	26992008
921	26938152
922	26993776
923	26963040
924	26952296
925	26979368
926	26967048
927	26972360
928	26963312
929	26982560
930	26937124
931	26969436
932	27004248
933	26963040
934	26949580
935	26966436
936	26982696
937	26956712
938	26972568
939	26959840
940	26989628
941	26969704
942	26944616
943	26972904
944	26979560
945	26953380
946	26979092
947	26969980
948	26959300
949	26972628
950	26986912
951	26969704
952	26932500
953	27001060
954	26940732
955	26976168
956	26981812
957	26966236
958	26963040
959	26974188
960	26951892
961	26987516
962	26969704
963	26947816
964	26969704
965	26984868
966	26966236
967	26958004
968	26968076
969	26981060
970	26959976
971	26954476
972	26966236
973	27001056
974	26963040
975	26941820
976	26987456
977	26955152
978	26976232
979	26972904
980	26972904
981	26953996
982	26956644
983	27008196
984	26925164
985	27003364
986	26963040
987	26955632
988	26976164
989	26960040
990	26972904
991	26956856
992	26992280
993	26940192
994	26964400
995	27006088
996	26956648
997	26949572
998	26979432
999	26969704
