0	106358
1	106269
2	106372
3	106313
4	106306
5	106317
6	106311
7	106317
8	106371
9	106262
10	106360
11	106312
12	106318
13	106308
14	106320
15	106368
16	106258
17	106316
18	106372
19	106312
20	106311
21	106309
22	106316
23	106364
24	106320
25	106317
26	106305
27	106320
28	106372
29	106306
30	106308
31	106323
32	106311
33	106314
34	106312
35	106359
36	106319
37	106318
38	106313
39	106318
40	106311
41	106320
42	106310
43	106362
44	106316
45	106321
46	106312
47	106316
48	106309
49	106306
50	106365
51	106323
52	106311
53	106318
54	106311
55	106318
56	106316
57	106354
58	106325
59	106307
60	106321
61	106310
62	106362
63	106269
64	106372
65	106312
66	106310
67	106368
68	106306
69	106306
70	106316
71	106317
72	106323
73	106310
74	106367
75	106317
76	106308
77	106312
78	106322
79	106365
80	106252
81	106371
82	106322
83	106310
84	106320
85	106312
86	106354
87	106268
88	106317
89	106314
90	106368
91	106303
92	106317
93	106318
94	106317
95	106312
96	106315
97	106358
98	106317
99	106322
100	106309
101	106373
102	106306
103	106310
104	106320
105	106308
106	106318
107	106370
108	106268
109	106306
110	106362
111	106316
112	106314
113	106363
114	106318
115	106265
116	106362
117	106315
118	106311
119	106317
120	106318
121	106316
122	106310
123	106360
124	106319
125	106320
126	106364
127	106306
128	106319
129	106317
130	106311
131	106318
132	106311
133	106362
134	106260
135	106320
136	106316
137	106358
138	106325
139	106355
140	106263
141	106321
142	106362
143	106311
144	106310
145	106321
146	106321
147	106310
148	106369
149	106306
150	106312
151	106320
152	106362
153	106308
154	106323
155	106317
156	106308
157	106313
158	106318
159	106368
160	106317
161	106310
162	106264
163	106364
164	106314
165	106312
166	106311
167	106363
168	106325
169	106305
170	106315
171	106317
172	106310
173	106319
174	106370
175	106313
176	106312
177	106316
178	106307
179	106319
180	106310
181	106316
182	106368
183	106312
184	106318
185	106356
186	106268
187	106369
188	106308
189	106313
190	106311
191	106320
192	106316
193	106367
194	106320
195	106312
196	106316
197	106304
198	106319
199	106362
200	106314
201	106315
202	106320
203	106307
204	106315
205	106320
206	106362
207	106308
208	106319
209	106309
210	106320
211	106316
212	106314
213	106311
214	106315
215	106362
216	106322
217	106313
218	106313
219	106310
220	106316
221	106367
222	106318
223	106313
224	106354
225	106269
226	106357
227	106320
228	106323
229	106310
230	106320
231	106363
232	106308
233	106257
234	106374
235	106315
236	106313
237	106314
238	106314
239	106363
240	106314
241	106321
242	106312
243	106366
244	106261
245	106312
246	106310
247	106368
248	106266
249	106364
250	106316
251	106312
252	106362
253	106317
254	106314
255	106320
256	106312
257	106313
258	106312
259	106312
260	106319
261	106369
262	106308
263	106318
264	106310
265	106359
266	106269
267	106324
268	106363
269	106306
270	106321
271	106305
272	106307
273	106373
274	106258
275	106377
276	106316
277	106312
278	106362
279	106314
280	106317
281	106315
282	106319
283	106300
284	106322
285	106365
286	106313
287	106317
288	106306
289	106312
290	106320
291	106311
292	106319
293	106369
294	106310
295	106312
296	106319
297	106312
298	106311
299	106316
300	106367
301	106310
302	106376
303	106257
304	106321
305	106308
306	106358
307	106316
308	106310
309	106315
310	106319
311	106320
312	106361
313	106260
314	106371
315	106312
316	106316
317	106359
318	106315
319	106317
320	106309
321	106318
322	106317
323	106318
324	106366
325	106307
326	106310
327	106318
328	106310
329	106369
330	106267
331	106362
332	106310
333	106321
334	106311
335	106314
336	106368
337	106263
338	106319
339	106314
340	106360
341	106314
342	106314
343	106318
344	106314
345	106302
346	106324
347	106368
348	106302
349	106318
350	106321
351	106363
352	106316
353	106311
354	106306
355	106321
356	106320
357	106364
358	106258
359	106317
360	106373
361	106306
362	106369
363	106310
364	106257
365	106319
366	106368
367	106317
368	106311
369	106317
370	106308
371	106362
372	106273
373	106363
374	106312
375	106310
376	106368
377	106316
378	106316
379	106310
380	106315
381	106315
382	106312
383	106366
384	106265
385	106311
386	106313
387	106371
388	106310
389	106370
390	106314
391	106260
392	106362
393	106311
394	106320
395	106311
396	106320
397	106321
398	106357
399	106316
400	106308
401	106312
402	106372
403	106264
404	106366
405	106310
406	106310
407	106313
408	106325
409	106362
410	106315
411	106311
412	106259
413	106375
414	106317
415	106311
416	106316
417	106306
418	106364
419	106268
420	106367
421	106306
422	106320
423	106319
424	106310
425	106363
426	106318
427	106305
428	106316
429	106312
430	106320
431	106325
432	106357
433	106318
434	106314
435	106359
436	106259
437	106372
438	106316
439	106307
440	106368
441	106260
442	106323
443	106362
444	106312
445	106318
446	106307
447	106319
448	106310
449	106362
450	106323
451	106317
452	106310
453	106316
454	106311
455	106313
456	106370
457	106316
458	106311
459	106316
460	106363
461	106260
462	106316
463	106309
464	106366
465	106321
466	106311
467	106318
468	106305
469	106324
470	106319
471	106358
472	106310
473	106323
474	106361
475	106258
476	106366
477	106310
478	106321
479	106320
480	106312
481	106359
482	106263
483	106320
484	106363
485	106305
486	106326
487	106306
488	106371
489	106320
490	106309
491	106310
492	106313
493	106315
494	106309
495	106323
496	106316
497	106359
498	106310
499	106321
500	106310
501	106322
502	106315
503	106311
504	106312
505	106361
506	106315
507	106313
508	106319
509	106371
510	106309
511	106316
512	106313
513	106307
514	106316
515	106319
516	106362
517	106317
518	106265
519	106367
520	106311
521	106361
522	106317
523	106311
524	106316
525	106316
526	106311
527	106319
528	106316
529	106308
530	106312
531	106369
532	106311
533	106318
534	106310
535	106317
536	106365
537	106316
538	106317
539	106318
540	106308
541	106319
542	106358
543	106310
544	106322
545	106316
546	106307
547	106370
548	106311
549	106314
550	106313
551	106319
552	106308
553	106371
554	106309
555	106316
556	106314
557	106314
558	106321
559	106311
560	106324
561	106307
562	106306
563	106369
564	106320
565	106316
566	106358
567	106272
568	106306
569	106308
570	106372
571	106306
572	106324
573	106358
574	106263
575	106324
576	106361
577	106314
578	106314
579	106315
580	106360
581	106271
582	106314
583	106310
584	106364
585	106316
586	106310
587	106369
588	106310
589	106316
590	106269
591	106359
592	106316
593	106368
594	106316
595	106315
596	106307
597	106258
598	106373
599	106320
600	106355
601	106272
602	106306
603	106363
604	106320
605	106312
606	106308
607	106324
608	106372
609	106310
610	106258
611	106366
612	106306
613	106315
614	106323
615	106370
616	106310
617	106310
618	106316
619	106311
620	106315
621	106371
622	106308
623	106311
624	106320
625	106319
626	106309
627	106314
628	106363
629	106316
630	106322
631	106310
632	106317
633	106312
634	106358
635	106316
636	106316
637	106310
638	106379
639	106257
640	106311
641	106369
642	106306
643	106319
644	106306
645	106321
646	106368
647	106310
648	106270
649	106362
650	106310
651	106370
652	106260
653	106308
654	106374
655	106316
656	106310
657	106318
658	106307
659	106320
660	106317
661	106315
662	106363
663	106306
664	106312
665	106372
666	106311
667	106319
668	106269
669	106353
670	106315
671	106321
672	106310
673	106365
674	106314
675	106269
676	106360
677	106318
678	106315
679	106315
680	106358
681	106316
682	106318
683	106310
684	106312
685	106310
686	106372
687	106270
688	106363
689	106309
690	106308
691	106323
692	106302
693	106325
694	106320
695	106360
696	106319
697	106303
698	106326
699	106310
700	106307
701	106316
702	106366
703	106310
704	106319
705	106316
706	106310
707	106364
708	106321
709	106311
710	106319
711	106314
712	106313
713	106367
714	106311
715	106310
716	106320
717	106362
718	106318
719	106306
720	106314
721	106321
722	106321
723	106306
724	106306
725	106321
726	106361
727	106268
728	106323
729	106357
730	106365
731	106271
732	106305
733	106357
734	106319
735	106323
736	106312
737	106321
738	106310
739	106307
740	106363
741	106266
742	106368
743	106312
744	106321
745	106360
746	106307
747	106324
748	106315
749	106310
750	106320
751	106312
752	106304
753	106320
754	106323
755	106358
756	106364
757	106313
758	106260
759	106367
760	106318
761	106321
762	106308
763	106316
764	106306
765	106311
766	106373
767	106323
768	106308
769	106311
770	106372
771	106309
772	106308
773	106268
774	106353
775	106326
776	106320
777	106312
778	106306
779	106312
780	106325
781	106313
782	106364
783	106310
784	106317
785	106317
786	106307
787	106373
788	106310
789	106313
790	106315
791	106363
792	106315
793	106265
794	106366
795	106311
796	106370
797	106310
798	106311
799	106324
800	106311
801	106310
802	106322
803	106361
804	106321
805	106304
806	106308
807	106320
808	106310
809	106371
810	106267
811	106368
812	106258
813	106358
814	106320
815	106316
816	106363
817	106264
818	106313
819	106371
820	106311
821	106314
822	106364
823	106316
824	106263
825	106315
826	106359
827	106322
828	106306
829	106318
830	106373
831	106258
832	106307
833	106368
834	106311
835	106314
836	106325
837	106364
838	106312
839	106313
840	106262
841	106370
842	106314
843	106316
844	106362
845	106308
846	106316
847	106316
848	106314
849	106314
850	106366
851	106264
852	106366
853	106311
854	106310
855	106322
856	106311
857	106320
858	106362
859	106317
860	106317
861	106302
862	106318
863	106312
864	106312
865	106373
866	106316
867	106313
868	106315
869	106309
870	106364
871	106314
872	106313
873	106319
874	106312
875	106310
876	106312
877	106324
878	106312
879	106358
880	106322
881	106310
882	106315
883	106324
884	106358
885	106307
886	106312
887	106320
888	106314
889	106320
890	106322
891	106354
892	106306
893	106320
894	106319
895	106306
896	106321
897	106369
898	106257
899	106372
900	106312
901	106302
902	106322
903	106318
904	106316
905	106358
906	106312
907	106317
908	106371
909	106258
910	106314
911	106316
912	106359
913	106319
914	106317
915	106363
916	106320
917	106310
918	106260
919	106368
920	106316
921	106310
922	106319
923	106365
924	106308
925	106264
926	106315
927	106363
928	106316
929	106312
930	106368
931	106324
932	106253
933	106371
934	106310
935	106310
936	106363
937	106269
938	106372
939	106257
940	106366
941	106310
942	106317
943	106314
944	106312
945	106317
946	106360
947	106317
948	106314
949	106315
950	106314
951	106319
952	106306
953	106372
954	106312
955	106308
956	106316
957	106322
958	106363
959	106269
960	106360
961	106310
962	106361
963	106316
964	106315
965	106320
966	106305
967	106371
968	106309
969	106317
970	106321
971	106314
972	106309
973	106316
974	106315
975	106362
976	106270
977	106310
978	106317
979	106368
980	106308
981	106315
982	106309
983	106370
984	106311
985	106311
986	106324
987	106310
988	106319
989	106316
990	106359
991	106256
992	106368
993	106314
994	106367
995	106319
996	106312
997	106315
998	106310
999	106317
