0	432
1	419
2	367
3	406
4	505
5	409
6	337
7	475
8	382
9	424
10	424
11	429
12	371
13	406
14	491
15	329
16	499
17	406
18	370
19	422
20	429
21	428
22	381
23	466
24	346
25	406
26	507
27	406
28	360
29	431
30	427
31	424
32	389
33	406
34	475
35	429
36	326
37	424
38	477
39	376
40	436
41	406
42	406
43	448
44	433
45	337
46	507
47	326
48	430
49	462
50	406
51	406
52	406
53	448
54	364
55	484
56	424
57	325
58	424
59	475
60	406
61	397
62	415
63	433
64	429
65	356
66	406
67	507
68	406
69	352
70	460
71	388
72	424
73	424
74	424
75	370
76	406
77	505
78	323
79	492
80	406
81	379
82	427
83	424
84	394
85	460
86	352
87	406
88	508
89	406
90	354
91	422
92	442
93	408
94	403
95	406
96	472
97	427
98	319
99	428
100	486
101	362
102	450
103	406
104	406
105	406
106	462
107	419
108	337
109	508
110	334
111	424
112	460
113	406
114	406
115	406
116	451
117	361
118	492
119	421
120	331
121	423
122	464
123	406
124	406
125	424
126	424
127	370
128	406
129	499
130	414
131	338
132	474
133	379
134	423
135	426
136	424
137	378
138	406
139	496
140	323
141	501
142	406
143	365
144	432
145	424
146	424
147	385
148	463
149	349
150	406
151	508
152	406
153	358
154	430
155	430
156	420
157	391
158	406
159	480
160	426
161	321
162	424
163	481
164	376
165	436
166	406
167	406
168	448
169	429
170	341
171	508
172	325
173	430
174	463
175	406
176	403
177	409
178	446
179	366
180	478
181	429
182	323
183	424
184	477
185	406
186	397
187	415
188	436
189	430
190	352
191	406
192	508
193	406
194	350
195	462
196	388
197	424
198	427
199	424
200	367
201	406
202	504
203	325
204	490
205	406
206	382
207	424
208	424
209	394
210	459
211	353
212	406
213	507
214	406
215	355
216	422
217	441
218	413
219	400
220	406
221	471
222	424
223	323
224	424
225	489
226	362
227	450
228	406
229	406
230	406
231	466
232	424
233	328
234	507
235	340
236	419
237	459
238	406
239	406
240	406
241	451
242	361
243	493
244	421
245	328
246	430
247	460
248	406
249	406
250	424
251	429
252	365
253	406
254	501
255	412
256	343
257	469
258	378
259	425
260	424
261	424
262	379
263	406
264	496
265	323
266	501
267	406
268	370
269	424
270	428
271	423
272	385
273	469
274	343
275	406
276	508
277	406
278	364
279	424
280	430
281	417
282	394
283	406
284	484
285	424
286	319
287	430
288	475
289	374
290	438
291	406
292	406
293	453
294	419
295	346
296	508
297	325
298	424
299	469
300	406
301	403
302	409
303	442
304	370
305	486
306	424
307	324
308	422
309	475
310	406
311	397
312	415
313	442
314	418
315	358
316	406
317	508
318	406
319	346
320	466
321	391
322	421
323	427
324	429
325	362
326	406
327	503
328	326
329	490
330	406
331	382
332	422
333	431
334	389
335	458
336	354
337	406
338	507
339	406
340	350
341	432
342	436
343	413
344	400
345	406
346	466
347	429
348	323
349	427
350	486
351	367
352	445
353	406
354	406
355	406
356	460
357	430
358	328
359	507
360	335
361	429
362	454
363	406
364	406
365	406
366	457
367	355
368	493
369	421
370	325
371	427
372	466
373	406
374	406
375	424
376	431
377	363
378	406
379	505
380	409
381	339
382	473
383	376
384	430
385	424
386	424
387	376
388	406
389	495
390	325
391	499
392	406
393	373
394	424
395	424
396	427
397	382
398	471
399	341
400	406
401	507
402	406
403	367
404	420
405	431
406	422
407	391
408	406
409	480
410	424
411	326
412	425
413	476
414	371
415	441
416	406
417	406
418	452
419	426
420	340
421	507
422	328
423	422
424	468
425	406
426	406
427	406
428	442
429	370
430	484
431	422
432	324
433	433
434	469
435	406
436	396
437	416
438	434
439	423
440	361
441	406
442	507
443	406
444	347
445	465
446	388
447	424
448	428
449	422
450	368
451	406
452	505
453	325
454	490
455	406
456	377
457	429
458	424
459	394
460	454
461	358
462	406
463	508
464	406
465	349
466	430
467	439
468	408
469	403
470	406
471	465
472	425
473	328
474	424
475	490
476	364
477	448
478	406
479	406
480	406
481	458
482	428
483	332
484	508
485	334
486	430
487	454
488	406
489	406
490	406
491	456
492	356
493	491
494	422
495	326
496	424
497	468
498	406
499	406
500	406
501	406
502	461
503	426
504	331
505	421
506	492
507	361
508	451
509	406
510	406
511	406
512	460
513	424
514	334
515	508
516	334
517	419
518	465
519	406
520	406
521	406
522	450
523	362
524	482
525	432
526	322
527	424
528	472
529	406
530	400
531	411
532	438
533	426
534	354
535	406
536	508
537	406
538	349
539	463
540	391
541	427
542	424
543	382
544	406
545	489
546	326
547	505
548	406
549	367
550	424
551	427
552	421
553	391
554	460
555	352
556	406
557	507
558	406
559	353
560	429
561	436
562	415
563	397
564	406
565	478
566	424
567	319
568	424
569	487
570	364
571	448
572	409
573	403
574	406
575	466
576	426
577	326
578	507
579	340
580	430
581	448
582	406
583	406
584	436
585	376
586	480
587	421
588	323
589	429
590	478
591	406
592	393
593	420
594	430
595	428
596	360
597	406
598	507
599	406
600	346
601	466
602	381
603	428
604	433
605	422
606	366
607	406
608	502
609	326
610	491
611	406
612	374
613	429
614	424
615	424
616	379
617	475
618	337
619	412
620	502
621	406
622	370
623	420
624	428
625	406
626	406
627	463
628	430
629	325
630	418
631	496
632	361
633	451
634	406
635	406
636	406
637	459
638	419
639	340
640	507
641	332
642	423
643	463
644	406
645	406
646	406
647	453
648	359
649	489
650	424
651	323
652	427
653	468
654	406
655	403
656	410
657	444
658	419
659	355
660	406
661	507
662	406
663	353
664	459
665	394
666	424
667	427
668	379
669	406
670	493
671	322
672	504
673	406
674	367
675	427
676	424
677	428
678	384
679	462
680	350
681	406
682	508
683	406
684	356
685	429
686	433
687	415
688	397
689	406
690	474
691	427
692	323
693	429
694	478
695	366
696	446
697	409
698	403
699	406
700	463
701	433
702	322
703	508
704	338
705	432
706	448
707	406
708	406
709	436
710	376
711	478
712	424
713	328
714	422
715	480
716	406
717	391
718	420
719	427
720	430
721	361
722	406
723	508
724	406
725	346
726	466
727	382
728	427
729	424
730	429
731	368
732	406
733	498
734	326
735	496
736	406
737	374
738	424
739	427
740	423
741	382
742	474
743	338
744	410
745	503
746	406
747	367
748	427
749	424
750	406
751	406
752	469
753	424
754	325
755	421
756	493
757	355
758	457
759	406
760	406
761	406
762	454
763	429
764	335
765	507
766	331
767	430
768	457
769	406
770	406
771	406
772	445
773	367
774	489
775	424
776	320
777	432
778	466
779	406
780	403
781	410
782	439
783	429
784	350
785	406
786	507
787	406
788	358
789	454
790	393
791	427
792	426
793	378
794	406
795	493
796	323
797	503
798	406
799	365
800	429
801	424
802	424
803	388
804	466
805	346
806	406
807	508
808	406
809	361
810	418
811	439
812	415
813	397
814	406
815	471
816	422
817	331
818	424
819	483
820	370
821	442
822	406
823	406
824	406
825	469
826	424
827	325
828	508
829	343
830	422
831	453
832	406
833	406
834	438
835	374
836	472
837	433
838	322
839	424
840	481
841	406
842	391
843	420
844	427
845	427
846	364
847	406
848	508
849	406
850	343
851	469
852	385
853	423
854	425
855	424
856	373
857	406
858	498
859	326
860	496
861	406
862	376
863	424
864	424
865	424
866	382
867	469
868	343
869	409
870	504
871	406
872	362
873	429
874	427
875	406
876	406
877	465
878	424
879	329
880	425
881	488
882	356
883	456
884	406
885	406
886	406
887	454
888	430
889	334
890	508
891	329
892	428
893	461
894	406
895	406
896	406
897	445
898	367
899	490
900	424
901	328
902	422
903	468
904	406
905	400
906	411
907	436
908	433
909	349
910	406
911	508
912	406
913	358
914	454
915	394
916	424
917	429
918	377
919	406
920	486
921	329
922	505
923	406
924	364
925	422
926	432
927	421
928	391
929	465
930	347
931	406
932	507
933	406
934	358
935	422
936	438
937	416
938	396
939	406
940	472
941	430
942	324
943	422
944	484
945	370
946	442
947	409
948	403
949	406
950	468
951	419
952	331
953	507
954	344
955	422
956	452
957	406
958	406
959	441
960	371
961	480
962	424
963	320
964	427
965	480
966	406
967	391
968	422
969	435
970	419
971	364
972	406
973	507
974	406
975	344
976	468
977	385
978	424
979	424
980	427
981	370
982	406
983	502
984	322
985	495
986	406
987	379
988	424
989	424
990	430
991	373
992	473
993	339
994	412
995	502
996	406
997	366
998	428
999	424
